salmaox = [1.580000, 1.200000, 1.580000, 1.200000, 1.100000, 1.200000, 0.800000, 1.200000, 1.400000, 1.400000, 1.500000, 1.600000, 1.600000, 2.000000, 2.000000, 2.000000, 2.000000, 2.000000, 2.100000, 2.200000, 2.300000, 2.500000, 2.800000, 2.700000, 2.800000, 2.800000, 2.700000, 2.800000, 2.700000, 2.800000, 2.900000, 3.200000, 3.100000, 3.100000, 3.000000, 3.500000, 3.600000, 3.600000, 3.300000, 3.300000, 3.600000, 3.500000, 3.200000, 3.300000, 3.300000, 3.300000, 3.600000, 3.700000, 3.800000, 3.700000, 4.000000, 4.000000, 4.100000, 4.100000, 4.100000, 4.400000, 4.400000, 4.500000, 5.000000, 5.200000, 5.600000, 4.800000, 4.800000, 4.800000, 4.800000, 4.700000, 5.200000, 5.800000, 4.700000, 4.400000, 5.200000, 6.000000, 6.300000, 6.600000, 4.000000, 4.500000, 4.800000, 6.600000, 5.600000, 6.000000]

salmaoy = [14.600000, 15.200000, 16.400000, 17.400000, 18.600000, 19.799999, 20.700001, 21.400000, 21.000000, 18.200001, 21.100000, 20.000000, 19.299999, 16.000000, 16.799999, 17.400000, 18.400000, 20.000000, 20.799999, 19.200001, 18.200001, 15.200000, 16.200001, 17.400000, 18.200001, 19.000000, 19.600000, 19.600000, 20.299999, 21.000000, 16.600000, 15.600000, 16.799999, 17.799999, 20.600000, 15.000000, 15.200000, 16.200001, 16.799999, 17.000000, 17.200001, 18.000000, 18.600000, 18.799999, 19.600000, 20.200001, 19.799999, 19.200001, 18.400000, 16.400000, 16.200001, 17.200001, 17.299999, 17.600000, 18.600000, 16.600000, 15.800000, 15.000000, 14.400000, 15.000000, 15.600000, 16.000000, 16.400000, 17.000000, 17.799999, 18.000000, 16.600000, 16.200001, 19.200001, 20.200001, 19.600000, 18.799999, 16.600000, 16.000000, 17.600000, 16.799999, 20.000000, 16.000000, 19.000000, 19.400000]

robalox = [4.500000, 5.200000, 5.700000, 7.700000, 5.200000, 6.000000, 6.600000, 7.100000, 7.600000, 8.400000, 8.800000, 8.800000, 8.000000, 7.700000, 7.200000, 7.300000, 6.800000, 6.400000, 5.600000, 5.300000, 6.000000, 6.200000, 6.400000, 7.200000, 6.800000, 7.300000, 7.200000, 7.200000, 7.600000, 7.800000, 7.800000, 8.400000, 8.100000, 8.400000, 8.100000, 8.000000, 7.600000, 7.000000, 6.400000, 6.400000, 7.000000, 7.400000, 7.500000, 8.000000, 8.400000, 8.400000, 8.100000, 7.800000, 9.000000, 10.000000, 10.200000]

robaloy = [18.799999, 18.799999, 17.600000, 15.000000, 20.000000, 18.200001, 17.600000, 17.000000, 16.400000, 16.000000, 15.000000, 16.000000, 16.799999, 17.600000, 17.600000, 18.000000, 18.200001, 19.000000, 20.799999, 21.200001, 20.600000, 20.200001, 19.600000, 19.400000, 19.000000, 19.000000, 18.799999, 18.400000, 18.200001, 18.600000, 18.000000, 17.600000, 18.400000, 18.200001, 19.000000, 19.200001, 19.400000, 20.200001, 21.000000, 22.000000, 21.799999, 21.000000, 20.400000, 19.600000, 19.600000, 19.799999, 20.600000, 21.600000, 18.600000, 20.200001, 17.000000]

naoseix = [4.000000, 4.500000, 4.800000, 6.600000, 5.600000, 6.000000]

naoseiy = [17.600000, 16.799999, 20.000000, 16.000000, 19.000000, 19.400000]


xlabel("Largura")
ylabel("Iluminação")

plot(salmaox,salmaoy,'b.');
plot(robalox,robaloy,'r.');
legend('Salmão', 'Robalo', with_box=%f)
